local Player = owner
local Char = Player.Character
local Hum = Char:WaitForChild("Humanoid")
local RootPart = Char:WaitForChild("HumanoidRootPart")
local Torso = Char:WaitForChild("Torso")
local Head = Char:WaitForChild("Head")
local RA = Char:WaitForChild("Right Arm")
local LA = Char:WaitForChild("Left Arm")
local RL = Char:WaitForChild("Right Leg")
local LL = Char:WaitForChild("Left Leg")
local RunningAnims = {}
local Animating = {}
local PauseAnims = {}

local function tick()
	return os.clock()
end

local function wait(Num)
	local CurrentTick = tick()
	repeat
		game:GetService("RunService").Stepped:Wait()
	until tick() >= CurrentTick + (Num or 0)
end

local function spawn(Func)
	coroutine.wrap(Func)()
end

function CreateWeld(PropertyTable)
	local Weld = Instance.new("Weld")
	Weld.Parent = PropertyTable.Parent
	Weld.Part0 = PropertyTable.Part0
	Weld.Part1 = PropertyTable.Part1
	Weld.C0 = PropertyTable.C0 or CFrame.new()
	return Weld
end

function SetTween(Instance,PropertyTable,Style,Direction,Time)
	Style = Enum.EasingStyle[Style]
	Direction = Enum.EasingDirection[Direction]
	local Info = TweenInfo.new(
		Time,
		Style,
		Direction,
		0,
		false,
		0
	)
	local TweenAnim = game:GetService("TweenService"):Create(Instance,Info,PropertyTable)
	TweenAnim:Play()
	return TweenAnim
end

-- Keyframe Order: Time Position, RJ, Neck, RS, LS, RH, LH

function PlayAnimation(AnimationTable,Priority,TweenTime,Looped,Speed,WaitUntilFinish,FunctionsAfterTime)
	local function Start()
		Priority = Priority or 1
		Speed = Speed or 1
		local Joints = {RJ,Neck,RS,LS,RH,LH,Grip} -- Don't change the first 6 elements. Any tool welds can be added afterward, like "Grip".
		local Id = tick().."/"..tostring(Looped).."|"..Priority
		table.insert(RunningAnims,Id)
		local PausedAnimIDs = {}
		local WaitForAnim
		local Delete = {}
		for v, Anim in pairs(RunningAnims) do
			if Anim ~= Id then
				for i = 2, #AnimationTable[1] do
					if AnimationTable[1][i] and table.find(Animating,tostring(Joints[i - 1].Part1)..Anim) and not table.find(PauseAnims,tostring(Joints[i - 1].Part1)..Anim) then
						if tonumber(string.sub(Anim,string.find(Anim,"|") + 1)) > Priority then
							table.insert(PauseAnims,tostring(Joints[i - 1].Part1)..Id)
							if string.sub(Anim,string.find(Anim,"/") + 1,string.find(Anim,"|") - 1) ~= "true" then
								WaitForAnim = Anim
							end
						elseif tonumber(string.sub(Anim,string.find(Anim,"|") + 1)) <= Priority then
							table.insert(PauseAnims,tostring(Joints[i - 1].Part1)..Anim)
							if not table.find(PausedAnimIDs,Anim) then
								table.insert(PausedAnimIDs,Anim)
							end
						end
					end
				end
				local AnimatingNum = 0
				local PausedNum = 0
				for _, Joint in pairs(Joints) do
					if table.find(Animating,tostring(Joint.Part1)..Anim) then
						AnimatingNum += 1
					end
					if table.find(PauseAnims,tostring(Joint.Part1)..Anim) then
						PausedNum += 1
					end
				end
				if table.find(RunningAnims,Anim) and (PausedNum == AnimatingNum or string.sub(Anim,string.find(Anim,"/") + 1,string.find(Anim,"|") - 1) == "true") then
					table.insert(Delete,Anim)
					if table.find(PausedAnimIDs,Anim) then
						table.remove(PausedAnimIDs,table.find(PausedAnimIDs,Anim))
					end
				end
			end
		end
		for _, Anim in pairs(Delete) do
			table.remove(RunningAnims,table.find(RunningAnims,Anim))
		end
		local Loops = 0
		local TablesCompleted = {}
		repeat
			local Tween
			local CurrentTimePos = AnimationTable[1][1]
			local TweenTime = TweenTime or .1
			for v, Keyframe in pairs(AnimationTable) do
				for i = 2, #Keyframe do
					if Keyframe[i] and table.find(RunningAnims,Id) then
						if not table.find(PauseAnims,tostring(Joints[i - 1].Part1)..Id) then
							if typeof(Keyframe[i]) == "CFrame" then
								if v == 1 then
									if Loops < 1 then
										Tween = SetTween(Joints[i - 1],{C0 = Keyframe[i]},"Linear","In",TweenTime)
									else
										Tween = SetTween(Joints[i - 1],{C0 = Keyframe[i]},"Linear","In",.05 / Speed)
									end
								else
									Tween = SetTween(Joints[i - 1],{C0 = Keyframe[i]},"Linear","In",(Keyframe[1] - CurrentTimePos) / Speed)
								end
							else
								Joints[i - 1].Part0 = Keyframe[i][1]
								if v == 1 then
									if Loops < 1 then
										SetTween(Joints[i - 1],{C0 = Keyframe[i][2]},"Linear","In",0)
									else
										Tween = SetTween(Joints[i - 1],{C0 = Keyframe[i][2]},"Linear","In",.05 / Speed)
									end
								else
									Tween = SetTween(Joints[i - 1],{C0 = Keyframe[i][2]},"Linear","In",(Keyframe[1] - CurrentTimePos) / Speed)
								end
							end
						end
						if not table.find(Animating,tostring(Joints[i - 1].Part1)..Id) then
							table.insert(Animating,tostring(Joints[i - 1].Part1)..Id)
						end
					end
				end
				while Tween and Tween.PlaybackState ~= Enum.PlaybackState.Completed do
					if WaitForAnim and not table.find(RunningAnims,WaitForAnim) then
						WaitForAnim = nil
						for _, Joint in pairs(Joints) do
							if table.find(PauseAnims,tostring(Joint.Part1)..Id) then
								table.remove(PauseAnims,table.find(PauseAnims,tostring(Joint.Part1)..Id))
							end
						end
					end
					local AnimatingNum = 0
					local PausedNum = 0
					for _, Joint in pairs(Joints) do
						if table.find(Animating,tostring(Joint.Part1)..Id) then
							AnimatingNum += 1
						end
						if table.find(PauseAnims,tostring(Joint.Part1)..Id) then
							PausedNum += 1
						end
					end
					if PausedNum == AnimatingNum and table.find(RunningAnims,Id) then
						table.remove(RunningAnims,table.find(RunningAnims,Id))
					end
					if not table.find(RunningAnims,Id) then
						break
					end
					wait()
				end
				if FunctionsAfterTime and #FunctionsAfterTime > 0 then
					for _, Table in pairs(FunctionsAfterTime) do
						if Keyframe[1] >= Table[1] and not table.find(TablesCompleted,Table) then
							spawn(Table[2])
							table.insert(TablesCompleted,Table)
						end
					end
				end
				for i = 2, #Keyframe do
					if Keyframe[i] and AnimationTable[v + 1] and AnimationTable[v + 1][i] == false and table.find(RunningAnims,Id) then
						local LaterKeyframe
						local LaterTimePos
						for _, Keyframe in pairs({table.unpack(AnimationTable,v + 2)}) do
							if Keyframe[i] then
								LaterKeyframe = Keyframe
								LaterTimePos = Keyframe[1]
								break
							end
						end
						if LaterTimePos then
							if not table.find(PauseAnims,tostring(Joints[i - 1].Part1)..Id) then
								if typeof(Keyframe[i]) == "CFrame" then
									SetTween(Joints[i - 1],{C0 = LaterKeyframe[i]},"Linear","In",(LaterTimePos - Keyframe[1]) / Speed)
								else
									Joints[i - 1].Part0 = Keyframe[i][1]
									SetTween(Joints[i - 1],{C0 = LaterKeyframe[i][2]},"Linear","In",(LaterTimePos - Keyframe[1]) / Speed)
								end
							end
							if not table.find(Animating,tostring(Joints[i - 1].Part1)..Id) then
								table.insert(Animating,tostring(Joints[i - 1].Part1)..Id)
							end
						end
					end
				end
				CurrentTimePos = Keyframe[1]
			end
			Loops += 1
			if not Tween then
				wait()
			end
		until not Looped or not table.find(RunningAnims,Id)
		for _, OtherId in pairs(PausedAnimIDs) do
			for _, Joint in pairs(Joints) do
				if table.find(Animating,tostring(Joint.Part1)..Id) and table.find(PauseAnims,tostring(Joint.Part1)..OtherId) then
					table.remove(PauseAnims,table.find(PauseAnims,tostring(Joint.Part1)..OtherId))
				end
			end
		end
		for _, Joint in pairs(Joints) do
			for i, Anim in pairs(Animating) do
				if Anim == tostring(Joint.Part1)..Id then
					table.remove(Animating,i)
				end
			end
			for i, Anim in pairs(PauseAnims) do
				if Anim == tostring(Joint.Part1)..Id then
					table.remove(PauseAnims,i)
				end
			end
		end
		if table.find(RunningAnims,Id) then
			table.remove(RunningAnims,table.find(RunningAnims,Id))
		end
	end
	if WaitUntilFinish then
		Start()
	else
		spawn(Start)
	end
end

local Handle = Instance.new("Part",Char)
Handle.CanCollide = false
Handle.Size = Vector3.new(0.122, 0.182, 1.397)
Handle.Color = Color3.fromRGB(40,40,40)
Handle.Transparency = 1

RJ = CreateWeld({Part0 = RootPart,Part1 = Torso,Parent = RootPart})
Neck = CreateWeld({Part0 = Torso,Part1 = Head,C0 = CFrame.new(0,1.5,0),Parent = RootPart})
RS = CreateWeld({Part0 = Torso,Part1 = RA,C0 = CFrame.new(1.5,0,0),Parent = RootPart})
LS = CreateWeld({Part0 = Torso,Part1 = LA,C0 = CFrame.new(-1.5,0,0),Parent = RootPart})
RH = CreateWeld({Part0 = Torso,Part1 = RL,C0 = CFrame.new(.5,-2,0),Parent = RootPart})
LH = CreateWeld({Part0 = Torso,Part1 = LL,C0 = CFrame.new(-.5,-2,0),Parent = RootPart})
Grip = CreateWeld({Part0 = Torso,Part1 = Handle,C0 = CFrame.new(-2.95,1.79,.55) * CFrame.Angles(math.pi / 2,1.1,math.pi / 2),Parent = RootPart})

local idle = {
	{
		0.0000016999983927235007,
		CFrame.new(0, 0.784432411, -3.43322754e-05, 1, 0, 0, 0, 0.99506408, -0.0992344543, 0, 0.0992344543, 0.99506408),
		CFrame.new(0, 1.49278641, -0.0846338272, 1, 0, 0, 0, 0.985570133, 0.169267699, 0, -0.169267699, 0.985570133),
		CFrame.new(1.55756378, 1.17802429, -0.0738353729, 0.992430389, -0.122628585, 0.00660020718, -0.120920882, -0.985164404, -0.121774487, 0.0214353278, 0.12005464, -0.99253583),
		CFrame.new(-1.58074188, 0.0966529846, 0.00776576996, 0.9841308, 0.177343592, 0.00597821316, -0.177399352, 0.984081268, 0.0106452778, -0.00399517082, -0.0115368888, 0.999925435),
		CFrame.new(0.5, -0.97127533, -0.416086197, 1, -4.23988711e-09, -2.06114237e-10, 4.23988666e-09, 0.995284498, 0.0969973058, -2.06114209e-10, -0.0969973058, 0.995284617),
		CFrame.new(-0.5, -1.99127769, 0.131784439, 1, 5.76048143e-09, 3.81231047e-10, -5.76048098e-09, 0.991278231, 0.131784454, 3.81231047e-10, -0.131784454, 0.99127835),
	},
	{
		0.01759699999820441,
		CFrame.new(0, 0.784466743, 0, 1, 0, 0, 0, 0.99506408, -0.0992344543, 0, 0.0992344543, 0.99506408),
		CFrame.new(0, 1.4927845, -0.0846338272, 1, 0, 0, 0, 0.985570133, 0.169267699, 0, -0.169267699, 0.985570133),
		CFrame.new(1.55756378, 1.1780014, -0.0738267899, 0.992430389, -0.122628585, 0.00660020718, -0.120920882, -0.985164404, -0.121774487, 0.0214353278, 0.12005464, -0.99253583),
		CFrame.new(-1.58074188, 0.0966358185, 0.00776672363, 0.9841308, 0.177343592, 0.00597821316, -0.177399352, 0.984081268, 0.0106452778, -0.00399517082, -0.0115368888, 0.999925435),
		CFrame.new(0.5, -0.971306801, -0.41608429, 1, -4.23988711e-09, -2.06114237e-10, 4.23988666e-09, 0.995284498, 0.0969973058, -2.06114209e-10, -0.0969973058, 0.995284617),
		CFrame.new(-0.5, -1.99130726, 0.131784439, 1, 5.76048143e-09, 3.81231047e-10, -5.76048098e-09, 0.991278231, 0.131784454, 3.81231047e-10, -0.131784454, 0.99127835),
	},
	{
		0.04955630000040401,
		CFrame.new(0, 0.784806252, 0.000238418579, 1, 0, 0, 0, 0.99506408, -0.0992344543, 0, 0.0992344543, 0.99506408),
		CFrame.new(0, 1.49278641, -0.0846338272, 1, 0, 0, 0, 0.985570133, 0.169267699, 0, -0.169267699, 0.985570133),
		CFrame.new(1.55756378, 1.17787361, -0.0738201141, 0.992430389, -0.122628585, 0.00660020625, -0.120920882, -0.985164404, -0.121774487, 0.0214353278, 0.12005464, -0.99253583),
		CFrame.new(-1.58074188, 0.0965023041, 0.00777626038, 0.9841308, 0.177343592, 0.00597821269, -0.177399352, 0.984081268, 0.0106452778, -0.00399516895, -0.0115368888, 0.999925435),
		CFrame.new(0.5, -0.971549034, -0.415967941, 1, -4.24364233e-09, -2.06480166e-10, 4.24364233e-09, 0.995276153, 0.0970832258, -2.06480125e-10, -0.0970832258, 0.995276272),
		CFrame.new(-0.5, -1.99151802, 0.13197422, 1, 5.76796166e-09, 3.82229359e-10, -5.76796166e-09, 0.991255522, 0.131955579, 3.82229332e-10, -0.131955594, 0.991255641),
	},
	{
		0.06713789999776054,
		CFrame.new(0, 0.785113335, 0.000442504883, 1, 0, 0, 0, 0.99506408, -0.0992344543, 0, 0.0992344543, 0.99506408),
		CFrame.new(0, 1.49278641, -0.0846338272, 1, 0, 0, 0, 0.985570133, 0.169267699, 0, -0.169267699, 0.985570133),
		CFrame.new(1.55756378, 1.17775345, -0.0738048553, 0.992430389, -0.122628585, 0.00660020718, -0.120920882, -0.985164404, -0.121774487, 0.0214353278, 0.12005464, -0.99253583),
		CFrame.new(-1.58074188, 0.0963811874, 0.00778865814, 0.9841308, 0.177343592, 0.00597821316, -0.177399352, 0.984081268, 0.0106452778, -0.00399517082, -0.0115368888, 0.999925435),
		CFrame.new(0.5, -0.971727371, -0.415850639, 1, -4.24744995e-09, -2.06853201e-10, 4.24745039e-09, 0.99526763, 0.0971703306, -2.06853229e-10, -0.097170338, 0.995267749),
		CFrame.new(-0.5, -1.99169445, 0.132164955, 1, 5.77548143e-09, 3.83231225e-10, -5.77548098e-09, 0.991232514, 0.132127613, 3.83231169e-10, -0.132127628, 0.991232634),
	},
	{
		0.09963019999850076,
		CFrame.new(0, 0.785964012, 0.00102233887, 1, 0, 0, 0, 0.99506408, -0.0992344543, 0, 0.0992344543, 0.99506408),
		CFrame.new(0, 1.49278641, -0.0846338272, 1, 0, 0, 0, 0.985570133, 0.169267699, 0, -0.169267699, 0.985570133),
		CFrame.new(1.55756378, 1.17742157, -0.0737743378, 0.992430389, -0.122628585, 0.00660020718, -0.120920882, -0.985164404, -0.121774487, 0.0214353278, 0.12005464, -0.99253583),
		CFrame.new(-1.58074188, 0.0960350037, 0.00782871246, 0.9841308, 0.177343592, 0.00597821316, -0.177399352, 0.984081268, 0.0106452778, -0.00399517082, -0.0115368888, 0.999925435),
		CFrame.new(0.5, -0.97226429, -0.415560722, 1, -4.25871649e-09, -2.0795099e-10, 4.25871693e-09, 0.995242476, 0.0974280834, -2.07951004e-10, -0.0974280834, 0.995242596),
		CFrame.new(-0.5, -1.99221134, 0.132650375, 1, 5.79422021e-09, 3.85732335e-10, -5.79421977e-09, 0.991175413, 0.132556319, 3.85732335e-10, -0.132556319, 0.991175532),
	},
	{
		0.13303959999757353,
		CFrame.new(0, 0.787192345, 0.00183963776, 1, 0, 0, 0, 0.99506408, -0.0992344543, 0, 0.0992344543, 0.99506408),
		CFrame.new(0, 1.49278545, -0.0846328735, 1, 0, 0, 0, 0.985570133, 0.169267699, 0, -0.169267699, 0.985570133),
		CFrame.new(1.55756378, 1.17695713, -0.073720932, 0.992430389, -0.122628585, 0.00660020718, -0.120920882, -0.985164404, -0.121774487, 0.0214353278, 0.12005464, -0.99253583),
		CFrame.new(-1.58074188, 0.0955524445, 0.00787353516, 0.9841308, 0.177343592, 0.00597821316, -0.177399352, 0.984081268, 0.0106452778, -0.00399517082, -0.0115368888, 0.999925435),
		CFrame.new(0.5, -0.973012924, -0.415122986, 1, -4.27373736e-09, -2.09428919e-10, 4.27373736e-09, 0.99520874, 0.0977717191, -2.09428933e-10, -0.0977717191, 0.995208859),
		CFrame.new(-0.5, -1.99294281, 0.133249283, 1, 5.81669823e-09, 3.88745036e-10, -5.81669779e-09, 0.991106391, 0.133070543, 3.88745008e-10, -0.133070529, 0.99110651),
	},
	{
		0.15109400000073947,
		CFrame.new(0, 0.7879076, 0.00231647491, 1, 0, 0, 0, 0.99506408, -0.0992344543, 0, 0.0992344543, 0.99506408),
		CFrame.new(0, 1.49278641, -0.0846338272, 1, 0, 0, 0, 0.985570133, 0.169267699, 0, -0.169267699, 0.985570133),
		CFrame.new(1.55756378, 1.17668152, -0.0736999512, 0.992430389, -0.122628585, 0.00660020718, -0.120920882, -0.985164404, -0.121774487, 0.0214353278, 0.12005464, -0.99253583),
		CFrame.new(-1.58074188, 0.0952644348, 0.00790214539, 0.9841308, 0.177343592, 0.00597821316, -0.177399352, 0.984081268, 0.0106452778, -0.00399517082, -0.0115368888, 0.999925435),
		CFrame.new(0.5, -0.9734869, -0.414803505, 1, -4.28500302e-09, -2.10533813e-10, 4.28500257e-09, 0.995183408, 0.0980294421, -2.10533785e-10, -0.0980294421, 0.995183527),
		CFrame.new(-0.5, -1.99337769, 0.133640289, 1, 5.83169513e-09, 3.90759425e-10, -5.83169468e-09, 0.991060257, 0.133413628, 3.90759425e-10, -0.133413628, 0.991060376),
	},
	{
		0.1678381000092486,
		CFrame.new(0, 0.788723946, 0.0028963089, 1, 0, 0, 0, 0.99506408, -0.0992344543, 0, 0.0992344543, 0.99506408),
		CFrame.new(0, 1.49278545, -0.0846338272, 1, 0, 0, 0, 0.985570133, 0.169267699, 0, -0.169267699, 0.985570133),
		CFrame.new(1.55756378, 1.17636585, -0.0736694336, 0.992430389, -0.122628585, 0.00660020718, -0.120920882, -0.985164404, -0.121774487, 0.0214353278, 0.12005464, -0.99253583),
		CFrame.new(-1.58074188, 0.0949344635, 0.00793647766, 0.9841308, 0.177343592, 0.00597821316, -0.177399352, 0.984081268, 0.0106452778, -0.00399517082, -0.0115368888, 0.999925435),
		CFrame.new(0.5, -0.973992348, -0.414513588, 1, -4.29632108e-09, -2.11652917e-10, 4.29632108e-09, 0.995157838, 0.0982883722, -2.11652945e-10, -0.0982883722, 0.995157957),
		CFrame.new(-0.5, -1.99387741, 0.134039879, 1, 5.84669158e-09, 3.92780919e-10, -5.84669158e-09, 0.991014063, 0.133756712, 3.92780974e-10, -0.133756712, 0.991014183),
	},
	{
		0.19976580000366084,
		CFrame.new(0, 0.790598869, 0.00415611267, 1, 0, 0, 0, 0.99506408, -0.0992344543, 0, 0.0992344543, 0.99506408),
		CFrame.new(0, 1.49278641, -0.0846338272, 1, 0, 0, 0, 0.985570133, 0.169267699, 0, -0.169267699, 0.985570133),
		CFrame.new(1.55756378, 1.1756382, -0.073595047, 0.992430389, -0.122628585, 0.00660020718, -0.120920882, -0.985164404, -0.121774487, 0.0214353278, 0.12005464, -0.99253583),
		CFrame.new(-1.58074188, 0.0941810608, 0.00800895691, 0.9841308, 0.177343592, 0.00597821316, -0.177399352, 0.984081268, 0.0106452778, -0.00399517082, -0.0115368888, 0.999925435),
		CFrame.new(0.5, -0.975160599, -0.413872719, 1, -4.31885017e-09, -2.13884022e-10, 4.31885017e-09, 0.995106816, 0.0988037735, -2.13884049e-10, -0.0988037735, 0.995106936),
		CFrame.new(-0.5, -1.99501419, 0.135019302, 1, 5.88416027e-09, 3.97854194e-10, -5.88415938e-09, 0.990898073, 0.134613886, 3.97854194e-10, -0.134613901, 0.990898192),
	},
	{
		0.21658920000481885,
		CFrame.new(0, 0.791653633, 0.00487136841, 1, 0, 0, 0, 0.99506408, -0.0992344543, 0, 0.0992344543, 0.99506408),
		CFrame.new(0, 1.49278641, -0.0846338272, 1, 0, 0, 0, 0.985570133, 0.169267699, 0, -0.169267699, 0.985570133),
		CFrame.new(1.55756378, 1.1752224, -0.0735492706, 0.992430389, -0.122628585, 0.00660020718, -0.120920882, -0.985164404, -0.121774487, 0.0214353278, 0.12005464, -0.99253583),
		CFrame.new(-1.58074188, 0.0937519073, 0.00805568695, 0.9841308, 0.177343592, 0.00597821316, -0.177399352, 0.984081268, 0.0106452778, -0.00399517082, -0.0115368888, 0.999925435),
		CFrame.new(0.5, -0.975814819, -0.413466454, 1, -4.33386882e-09, -2.15376161e-10, 4.33386882e-09, 0.995072663, 0.0991473645, -2.1537612e-10, -0.099147357, 0.995072782),
		CFrame.new(-0.5, -1.99565125, 0.135608673, 1, 5.90663118e-09, 4.00913081e-10, -5.90663074e-09, 0.990828097, 0.135127977, 4.00913081e-10, -0.135127977, 0.990828216),
	},
	{
		0.2337136999994982,
		CFrame.new(0, 0.792778969, 0.0056552887, 1, 0, 0, 0, 0.99506408, -0.0992344543, 0, 0.0992344543, 0.99506408),
		CFrame.new(0, 1.49278641, -0.0846338272, 1, 0, 0, 0, 0.985570133, 0.169267699, 0, -0.169267699, 0.985570133),
		CFrame.new(1.55756378, 1.17477989, -0.0735120773, 0.992430389, -0.122628585, 0.00660020718, -0.120920882, -0.985164404, -0.121774487, 0.0214353278, 0.12005464, -0.99253583),
		CFrame.new(-1.58074188, 0.0932922363, 0.00810050964, 0.9841308, 0.177343592, 0.00597821316, -0.177399352, 0.984081268, 0.0106452778, -0.00399517082, -0.0115368888, 0.999925435),
		CFrame.new(0.5, -0.976560593, -0.413028717, 1, -4.34894032e-09, -2.16882512e-10, 4.34894032e-09, 0.995038211, 0.099492155, -2.16882512e-10, -0.099492155, 0.995038331),
		CFrame.new(-0.5, -1.99634457, 0.136198997, 1, 5.92913851e-09, 4.03989731e-10, -5.92913807e-09, 0.990757704, 0.135642871, 4.03989703e-10, -0.135642856, 0.990757823),
	},
	{
		0.2665460999996867,
		CFrame.new(0, 0.79500103, 0.00713729858, 1, 0, 0, 0, 0.99506408, -0.0992344543, 0, 0.0992344543, 0.99506408),
		CFrame.new(0, 1.49278641, -0.0846338272, 1, 0, 0, 0, 0.985570133, 0.169267699, 0, -0.169267699, 0.985570133),
		CFrame.new(1.55756378, 1.1739254, -0.0734205246, 0.992430389, -0.122628585, 0.00660020718, -0.120920882, -0.985164404, -0.121774487, 0.0214353278, 0.12005464, -0.99253583),
		CFrame.new(-1.58074188, 0.0924053192, 0.00818824768, 0.9841308, 0.177343592, 0.00597821316, -0.177399352, 0.984081268, 0.0106452778, -0.00399517082, -0.0115368888, 0.999925435),
		CFrame.new(0.5, -0.977931976, -0.412228584, 1, -4.37808811e-09, -2.19806395e-10, 4.37808811e-09, 0.994971275, 0.100158975, -2.19806395e-10, -0.100158975, 0.994971395),
		CFrame.new(-0.5, -1.99767494, 0.137395859, 1, 5.97504357e-09, 4.1029935e-10, -5.97504357e-09, 0.990613341, 0.13669306, 4.10299295e-10, -0.13669306, 0.990613461),
	},
	{
		0.2833726000098977,
		CFrame.new(0, 0.796696663, 0.00827884674, 1, 0, 0, 0, 0.99506408, -0.0992344543, 0, 0.0992344543, 0.99506408),
		CFrame.new(0, 1.49278736, -0.0846338272, 1, 0, 0, 0, 0.985570133, 0.169267699, 0, -0.169267699, 0.985570133),
		CFrame.new(1.55756378, 1.17325687, -0.0733547211, 0.992430389, -0.122628585, 0.00660020718, -0.120920882, -0.985164404, -0.121774487, 0.0214353278, 0.12005464, -0.99253583),
		CFrame.new(-1.58074188, 0.0917110443, 0.00825977325, 0.9841308, 0.177343592, 0.00597821316, -0.177399352, 0.984081268, 0.0106452778, -0.00399517082, -0.0115368888, 0.999925435),
		CFrame.new(0.5, -0.979009628, -0.411661148, 1, -4.39779724e-09, -2.21792362e-10, 4.39779724e-09, 0.994925857, 0.100609869, -2.21792376e-10, -0.100609876, 0.994925976),
		CFrame.new(-0.5, -1.99871159, 0.138338089, 1, 6.01155881e-09, 4.15354862e-10, -6.01155881e-09, 0.990497708, 0.137528449, 4.15354889e-10, -0.137528434, 0.990497828),
	},
	{
		0.3003692000056617,
		CFrame.new(0, 0.798161507, 0.00926685333, 1, 0, 0, 0, 0.99506408, -0.0992344543, 0, 0.0992344543, 0.99506408),
		CFrame.new(0, 1.4927845, -0.0846338272, 1, 0, 0, 0, 0.985570133, 0.169267699, 0, -0.169267699, 0.985570133),
		CFrame.new(1.55756378, 1.17268562, -0.0733013153, 0.992430389, -0.122628585, 0.00660020718, -0.120920882, -0.985164404, -0.121774487, 0.0214353278, 0.12005464, -0.99253583),
		CFrame.new(-1.58074188, 0.0911140442, 0.00831604004, 0.9841308, 0.177343592, 0.00597821316, -0.177399352, 0.984081268, 0.0106452778, -0.00399517082, -0.0115368888, 0.999925435),
		CFrame.new(0.5, -0.97992897, -0.411050797, 1, -4.42037296e-09, -2.24083863e-10, 4.42037296e-09, 0.994873464, 0.10112635, -2.24083849e-10, -0.10112635, 0.994873583),
		CFrame.new(-0.5, -1.9995966, 0.139127731, 1, 6.04153305e-09, 4.19525747e-10, -6.04153261e-09, 0.990402281, 0.138214156, 4.19525775e-10, -0.138214156, 0.9904024),
	},
	{
		0.3333044000028167,
		CFrame.new(0, 0.801329613, 0.0114126205, 1, 0, 0, 0, 0.99506408, -0.0992344543, 0, 0.0992344543, 0.99506408),
		CFrame.new(0, 1.49278736, -0.0846338272, 1, 0, 0, 0, 0.985570133, 0.169267699, 0, -0.169267699, 0.985570133),
		CFrame.new(1.55756378, 1.17145634, -0.0731744766, 0.992430389, -0.122628585, 0.00660020718, -0.120920882, -0.985164404, -0.121774487, 0.0214353278, 0.12005464, -0.99253583),
		CFrame.new(-1.58074188, 0.0898342133, 0.00844573975, 0.9841308, 0.177343592, 0.00597821316, -0.177399352, 0.984081268, 0.0106452778, -0.00399517082, -0.0115368888, 0.999925435),
		CFrame.new(0.5, -0.981955528, -0.409885406, 1, -4.46171455e-09, -2.28304486e-10, 4.46171411e-09, 0.994776905, 0.102072135, -2.28304486e-10, -0.102072135, 0.994777083),
		CFrame.new(-0.5, -2.00153065, 0.140790939, 1, 6.10520301e-09, 4.2845727e-10, -6.10520257e-09, 0.990197957, 0.139670759, 4.28457242e-10, -0.139670759, 0.990198076),
	},
	{
		0.35018660000059754,
		CFrame.new(0, 0.803032875, 0.0125713348, 1, 0, 0, 0, 0.99506408, -0.0992344543, 0, 0.0992344543, 0.99506408),
		CFrame.new(0, 1.4927845, -0.0846338272, 1, 0, 0, 0, 0.985570133, 0.169267699, 0, -0.169267699, 0.985570133),
		CFrame.new(1.55756378, 1.17078972, -0.0731067657, 0.992430389, -0.122628585, 0.00660020718, -0.120920882, -0.985164404, -0.121774487, 0.0214353278, 0.12005464, -0.99253583),
		CFrame.new(-1.58074188, 0.0891475677, 0.00851535797, 0.9841308, 0.177343592, 0.00597821316, -0.177399352, 0.984081268, 0.0106452778, -0.00399517082, -0.0115368888, 0.999925435),
		CFrame.new(0.5, -0.983028412, -0.409276009, 1, -4.48423521e-09, -2.30620856e-10, 4.48423609e-09, 0.994723797, 0.102587342, -2.3062087e-10, -0.102587342, 0.994723916),
		CFrame.new(-0.5, -2.00256157, 0.141685486, 1, 6.13890183e-09, 4.33225011e-10, -6.13890183e-09, 0.99008882, 0.140441716, 4.33225011e-10, -0.140441701, 0.99008894),
	},
	{
		0.38308390000020154,
		CFrame.new(0, 0.806677818, 0.0150241852, 1, 0, 0, 0, 0.99506408, -0.0992344543, 0, 0.0992344543, 0.99506408),
		CFrame.new(0, 1.49278545, -0.0846338272, 1, 0, 0, 0, 0.985570133, 0.169267699, 0, -0.169267699, 0.985570133),
		CFrame.new(1.55756378, 1.1693716, -0.072971344, 0.992430389, -0.122628585, 0.00660020718, -0.120920882, -0.985164404, -0.121774487, 0.0214353278, 0.12005464, -0.99253583),
		CFrame.new(-1.58074188, 0.0876712799, 0.00866317749, 0.9841308, 0.177343592, 0.00597821316, -0.177399352, 0.984081268, 0.0106452778, -0.00399517082, -0.0115368888, 0.999925435),
		CFrame.new(0.5, -0.985328674, -0.40799427, 1, -4.52932358e-09, -2.35292674e-10, 4.52932447e-09, 0.994617045, 0.103618853, -2.35292702e-10, -0.103618853, 0.994617164),
		CFrame.new(-0.5, -2.00476646, 0.143633842, 1, 6.21379215e-09, 4.43915127e-10, -6.21379259e-09, 0.989844263, 0.142154992, 4.43915155e-10, -0.142154992, 0.989844382),
	},
	{
		0.4001109000091674,
		CFrame.new(0, 0.808587074, 0.0163192749, 1, 0, 0, 0, 0.99506408, -0.0992344543, 0, 0.0992344543, 0.99506408),
		CFrame.new(0, 1.4927845, -0.0846328735, 1, 0, 0, 0, 0.985570133, 0.169267699, 0, -0.169267699, 0.985570133),
		CFrame.new(1.55756378, 1.16861916, -0.0728969574, 0.992430389, -0.122628585, 0.00660020718, -0.120920882, -0.985164404, -0.121774487, 0.0214353278, 0.12005464, -0.99253583),
		CFrame.new(-1.58074188, 0.0868864059, 0.00873661041, 0.9841308, 0.177343592, 0.00597821316, -0.177399352, 0.984081268, 0.0106452778, -0.00399517082, -0.0115368888, 0.999925435),
		CFrame.new(0.5, -0.986546516, -0.407266617, 1, -4.55564342e-09, -2.38046027e-10, 4.55564342e-09, 0.994554043, 0.104220964, -2.38046e-10, -0.104220971, 0.994554162),
		CFrame.new(-0.5, -2.0059433, 0.144622803, 1, 6.25124663e-09, 4.49308146e-10, -6.25124663e-09, 0.989720881, 0.143011838, 4.49308091e-10, -0.143011853, 0.989721),
	},
	{
		0.41702880000229925,
		CFrame.new(0, 0.81059742, 0.0176820755, 1, 0, 0, 0, 0.99506408, -0.0992344543, 0, 0.0992344543, 0.99506408),
		CFrame.new(0, 1.49278545, -0.0846338272, 1, 0, 0, 0, 0.985570133, 0.169267699, 0, -0.169267699, 0.985570133),
		CFrame.new(1.55756378, 1.16783428, -0.0728139877, 0.992430389, -0.122628585, 0.00660020718, -0.120920882, -0.985164404, -0.121774487, 0.0214353278, 0.12005464, -0.99253583),
		CFrame.new(-1.58074188, 0.0860719681, 0.00882053375, 0.9841308, 0.177343592, 0.00597821316, -0.177399352, 0.984081268, 0.0106452778, -0.00399517082, -0.0115368888, 0.999925435),
		CFrame.new(0.5, -0.98779583, -0.406540871, 1, -4.58196059e-09, -2.40813591e-10, 4.58196059e-09, 0.994490743, 0.104823038, -2.40813591e-10, -0.104823038, 0.994490862),
		CFrame.new(-0.5, -2.00716305, 0.145706177, 1, 6.29243235e-09, 4.55280258e-10, -6.29243235e-09, 0.989584267, 0.143954068, 4.55280258e-10, -0.143954068, 0.989584386),
	},
	{
		0.449945000000298,
		CFrame.new(0, 0.814822197, 0.0205430984, 1, 0, 0, 0, 0.99506408, -0.0992344543, 0, 0.0992344543, 0.99506408),
		CFrame.new(0, 1.49278545, -0.0846328735, 1, 0, 0, 0, 0.985570133, 0.169267699, 0, -0.169267699, 0.985570133),
		CFrame.new(1.55756378, 1.16618061, -0.0726490021, 0.992430389, -0.122628585, 0.00660020718, -0.120920882, -0.985164404, -0.121774487, 0.0214353278, 0.12005464, -0.99253583),
		CFrame.new(-1.58074188, 0.0843524933, 0.00899124146, 0.9841308, 0.177343592, 0.00597821316, -0.177399352, 0.984081268, 0.0106452778, -0.00399517082, -0.0115368888, 0.999925435),
		CFrame.new(0.5, -0.990503311, -0.404970169, 1, -4.6382933e-09, -2.46785703e-10, 4.63829375e-09, 0.994354069, 0.106111795, -2.46785731e-10, -0.106111787, 0.994354188),
		CFrame.new(-0.5, -2.00971603, 0.148044586, 1, 6.38228048e-09, 4.68446615e-10, -6.38228004e-09, 0.989283025, 0.146009535, 4.68446615e-10, -0.146009535, 0.989283144),
	},
	{
		0.482831500004977,
		CFrame.new(0, 0.819317818, 0.0235757828, 1, 0, 0, 0, 0.99506408, -0.0992344543, 0, 0.0992344543, 0.99506408),
		CFrame.new(0, 1.49278545, -0.0846338272, 1, 0, 0, 0, 0.985570133, 0.169267699, 0, -0.169267699, 0.985570133),
		CFrame.new(1.55756378, 1.16440296, -0.072476387, 0.992430389, -0.122628585, 0.00660020718, -0.120920882, -0.985164404, -0.121774487, 0.0214353278, 0.12005464, -0.99253583),
		CFrame.new(-1.58074188, 0.0825090408, 0.00917243958, 0.9841308, 0.177343592, 0.00597821316, -0.177399352, 0.984081268, 0.0106452778, -0.00399517082, -0.0115368888, 0.999925435),
		CFrame.new(0.5, -0.993354797, -0.403283119, 1, -4.6984181e-09, -2.53240984e-10, 4.6984181e-09, 0.994206369, 0.107487284, -2.53240956e-10, -0.107487284, 0.994206488),
		CFrame.new(-0.5, -2.01247215, 0.150401115, 1, 6.47209975e-09, 4.81797713e-10, -6.47209975e-09, 0.988977611, 0.14806439, 4.81797768e-10, -0.148064375, 0.98897773),
	},
	{
		0.4997929000091972,
		CFrame.new(0, 0.821669579, 0.025177002, 1, 0, 0, 0, 0.99506408, -0.0992344543, 0, 0.0992344543, 0.99506408),
		CFrame.new(0, 1.49278545, -0.0846338272, 1, 0, 0, 0, 0.985570133, 0.169267699, 0, -0.169267699, 0.985570133),
		CFrame.new(1.55756378, 1.1634779, -0.0723791122, 0.992430389, -0.122628585, 0.00660020718, -0.120920882, -0.985164404, -0.121774487, 0.0214353278, 0.12005464, -0.99253583),
		CFrame.new(-1.58074188, 0.0815429688, 0.00926971436, 0.9841308, 0.177343592, 0.00597821316, -0.177399352, 0.984081268, 0.0106452778, -0.00399517082, -0.0115368888, 0.999925435),
		CFrame.new(0.5, -0.994841576, -0.402440071, 1, -4.72847539e-09, -2.56505928e-10, 4.72847539e-09, 0.994131744, 0.108174913, -2.56505928e-10, -0.108174905, 0.994131863),
		CFrame.new(-0.5, -2.01390553, 0.151673317, 1, 6.52074483e-09, 4.89109198e-10, -6.52074483e-09, 0.98881042, 0.149177253, 4.89109198e-10, -0.149177253, 0.988810539),
	},
	{
		0.5167801000061445,
		CFrame.new(0, 0.824053764, 0.0268125534, 1, 0, 0, 0, 0.99506408, -0.0992344543, 0, 0.0992344543, 0.99506408),
		CFrame.new(0, 1.49278545, -0.0846338272, 1, 0, 0, 0, 0.985570133, 0.169267699, 0, -0.169267699, 0.985570133),
		CFrame.new(1.55756378, 1.1625185, -0.0722885132, 0.992430389, -0.122628585, 0.00660020718, -0.120920882, -0.985164404, -0.121774487, 0.0214353278, 0.12005464, -0.99253583),
		CFrame.new(-1.58074188, 0.0805521011, 0.00937175751, 0.9841308, 0.177343592, 0.00597821316, -0.177399352, 0.984081268, 0.0106452778, -0.00399517082, -0.0115368888, 0.999925435),
		CFrame.new(0.5, -0.996383667, -0.401509285, 1, -4.76228079e-09, -2.60197197e-10, 4.76228168e-09, 0.994047284, 0.108948298, -2.60197253e-10, -0.10894829, 0.994047463),
		CFrame.new(-0.5, -2.01537323, 0.153040886, 1, 6.57311228e-09, 4.97042407e-10, -6.57311228e-09, 0.988628864, 0.150375277, 4.97042407e-10, -0.150375277, 0.988628983),
	},
	{
		0.5336956000101054,
		CFrame.new(0, 0.826540947, 0.0284814835, 1, 0, 0, 0, 0.99506408, -0.0992344543, 0, 0.0992344543, 0.99506408),
		CFrame.new(0, 1.49278545, -0.0846338272, 1, 0, 0, 0, 0.985570133, 0.169267699, 0, -0.169267699, 0.985570133),
		CFrame.new(1.55756378, 1.16153622, -0.072183609, 0.992430389, -0.122628585, 0.00660020718, -0.120920882, -0.985164404, -0.121774487, 0.0214353278, 0.12005464, -0.99253583),
		CFrame.new(-1.58074188, 0.0795307159, 0.00947284698, 0.9841308, 0.177343592, 0.00597821316, -0.177399352, 0.984081268, 0.0106452778, -0.00399517082, -0.0115368888, 0.999925435),
		CFrame.new(0.5, -0.997984886, -0.400548935, 1, -4.79608486e-09, -2.63913336e-10, 4.79608486e-09, 0.993962228, 0.109721631, -2.63913336e-10, -0.109721631, 0.993962348),
		CFrame.new(-0.5, -2.01689816, 0.154323578, 1, 6.62173871e-09, 5.04467579e-10, -6.62173827e-09, 0.988459051, 0.151487738, 5.04467579e-10, -0.151487738, 0.98845917),
	},
	{
		0.5506600000080653,
		CFrame.new(0, 0.829096794, 0.0302190781, 1, 0, 0, 0, 0.99506408, -0.0992344543, 0, 0.0992344543, 0.99506408),
		CFrame.new(0, 1.49278641, -0.0846338272, 1, 0, 0, 0, 0.985570133, 0.169267699, 0, -0.169267699, 0.985570133),
		CFrame.new(1.55756378, 1.16053009, -0.0720863342, 0.992430389, -0.122628585, 0.00660020718, -0.120920882, -0.985164404, -0.121774487, 0.0214353278, 0.12005464, -0.99253583),
		CFrame.new(-1.58074188, 0.0784797668, 0.00957584381, 0.9841308, 0.177343592, 0.00597821316, -0.177399352, 0.984081268, 0.0106452778, -0.00399517082, -0.0115368888, 0.999925435),
		CFrame.new(0.5, -0.999619484, -0.399619102, 1, -4.82988449e-09, -2.67657896e-10, 4.82988449e-09, 0.993876517, 0.110494874, -2.67657896e-10, -0.110494874, 0.993876636),
		CFrame.new(-0.5, -2.01845741, 0.155691147, 1, 6.6741177e-09, 5.12525133e-10, -6.6741177e-09, 0.988274634, 0.15268603, 5.12525133e-10, -0.152686015, 0.988274753),
	},
	{
		0.5835791999998037,
		CFrame.new(0, 0.834376335, 0.0337963104, 1, 0, 0, 0, 0.99506408, -0.0992344543, 0, 0.0992344543, 0.99506408),
		CFrame.new(0, 1.49278641, -0.0846338272, 1, 0, 0, 0, 0.985570133, 0.169267699, 0, -0.169267699, 0.985570133),
		CFrame.new(1.55756378, 1.15842819, -0.0718765259, 0.992430389, -0.122628585, 0.00660020718, -0.120920882, -0.985164404, -0.121774487, 0.0214353278, 0.12005464, -0.99253583),
		CFrame.new(-1.58074188, 0.0762958527, 0.00979614258, 0.9841308, 0.177343592, 0.00597821316, -0.177399352, 0.984081268, 0.0106452778, -0.00399517082, -0.0115368888, 0.999925435),
		CFrame.new(0.5, -1.00299931, -0.397611618, 1, -4.90127006e-09, -2.75655054e-10, 4.9012705e-09, 0.99369359, 0.11212799, -2.75655054e-10, -0.112127982, 0.993693709),
		CFrame.new(-0.5, -2.02168369, 0.158615112, 1, 6.78629863e-09, 5.30008037e-10, -6.78629863e-09, 0.987874627, 0.155252412, 5.30008037e-10, -0.155252412, 0.987874746),
	},
	{
		0.6164337000082014,
		CFrame.new(0, 0.839896202, 0.0375099182, 1, 0, 0, 0, 0.99506408, -0.0992344543, 0, 0.0992344543, 0.99506408),
		CFrame.new(0, 1.49278641, -0.0846328735, 1, 0, 0, 0, 0.985570133, 0.169267699, 0, -0.169267699, 0.985570133),
		CFrame.new(1.55756378, 1.1562233, -0.0716581345, 0.992430389, -0.122628585, 0.00660020718, -0.120920882, -0.985164404, -0.121774487, 0.0214353278, 0.12005464, -0.99253583),
		CFrame.new(-1.58074188, 0.0740041733, 0.0100250244, 0.9841308, 0.177343592, 0.00597821316, -0.177399352, 0.984081268, 0.0106452778, -0.00399517082, -0.0115368888, 0.999925435),
		CFrame.new(0.5, -1.00656414, -0.395635605, 1, -4.97259522e-09, -2.83762347e-10, 4.97259522e-09, 0.99350822, 0.113759719, -2.83762291e-10, -0.113759719, 0.993508339),
		CFrame.new(-0.5, -2.02506828, 0.161652565, 1, 6.90218682e-09, 5.4837912e-10, -6.90218682e-09, 0.987454414, 0.157903612, 5.4837912e-10, -0.157903612, 0.987454534),
	},
	{
		0.6334769000095548,
		CFrame.new(0, 0.842757225, 0.0394515991, 1, 0, 0, 0, 0.99506408, -0.0992344543, 0, 0.0992344543, 0.99506408),
		CFrame.new(0, 1.49278736, -0.0846338272, 1, 0, 0, 0, 0.985570133, 0.169267699, 0, -0.169267699, 0.985570133),
		CFrame.new(1.55756378, 1.15508175, -0.0715465546, 0.992430389, -0.122628585, 0.00660020718, -0.120920882, -0.985164404, -0.121774487, 0.0214353278, 0.12005464, -0.99253583),
		CFrame.new(-1.58074188, 0.0728187561, 0.01014328, 0.9841308, 0.177343592, 0.00597821316, -0.177399352, 0.984081268, 0.0106452778, -0.00399517082, -0.0115368888, 0.999925435),
		CFrame.new(0.5, -1.00839233, -0.394471169, 1, -5.01391906e-09, -2.88515878e-10, 5.0139195e-09, 0.993399441, 0.114705101, -2.88515933e-10, -0.114705101, 0.99339956),
		CFrame.new(-0.5, -2.02683163, 0.163132668, 1, 6.95823221e-09, 5.57378144e-10, -6.95823221e-09, 0.98724854, 0.159185797, 5.57378144e-10, -0.159185797, 0.987248659),
	},
	{
		0.6503805000102147,
		CFrame.new(0, 0.84565258, 0.0414276123, 1, 0, 0, 0, 0.99506408, -0.0992344543, 0, 0.0992344543, 0.99506408),
		CFrame.new(0, 1.49278641, -0.0846338272, 1, 0, 0, 0, 0.985570133, 0.169267699, 0, -0.169267699, 0.985570133),
		CFrame.new(1.55756378, 1.15391922, -0.0714263916, 0.992430389, -0.122628585, 0.00660020718, -0.120920882, -0.985164404, -0.121774487, 0.0214353278, 0.12005464, -0.99253583),
		CFrame.new(-1.58074188, 0.0716094971, 0.0102615356, 0.9841308, 0.177343592, 0.00597821316, -0.177399352, 0.984081268, 0.0106452778, -0.00399517082, -0.0115368888, 0.999925435),
		CFrame.new(0.5, -1.01029301, -0.393424988, 1, -5.05144548e-09, -2.92864399e-10, 5.05144548e-09, 0.993299961, 0.115563601, -2.92864399e-10, -0.115563601, 0.99330008),
		CFrame.new(-0.5, -2.02860355, 0.164782524, 1, 7.02174363e-09, 5.67666802e-10, -7.02174363e-09, 0.987013161, 0.16063875, 5.67666747e-10, -0.16063875, 0.98701328),
	},
	{
		0.6832539000024553,
		CFrame.new(0, 0.851614952, 0.0454473495, 1, 0, 0, 0, 0.99506408, -0.0992344543, 0, 0.0992344543, 0.99506408),
		CFrame.new(0, 1.49278831, -0.0846338272, 1, 0, 0, 0, 0.985570133, 0.169267699, 0, -0.169267699, 0.985570133),
		CFrame.new(1.55756378, 1.15151215, -0.0711860657, 0.992430389, -0.122628585, 0.00660020718, -0.120920882, -0.985164404, -0.121774487, 0.0214353278, 0.12005464, -0.99253583),
		CFrame.new(-1.58074188, 0.0691156387, 0.0105113983, 0.9841308, 0.177343592, 0.00597821316, -0.177399352, 0.984081268, 0.0106452778, -0.00399517082, -0.0115368888, 0.999925435),
		CFrame.new(0.5, -1.0141325, -0.391129494, 1, -5.1340252e-09, -3.02549097e-10, 5.1340252e-09, 0.993078351, 0.117452815, -3.02549097e-10, -0.117452815, 0.99307847),
		CFrame.new(-0.5, -2.03228378, 0.168017387, 1, 7.14502724e-09, 5.87913718e-10, -7.14502724e-09, 0.986550033, 0.163459167, 5.87913718e-10, -0.163459167, 0.986550152),
	},
	{
		0.7002716999995755,
		CFrame.new(0, 0.854681969, 0.0475254059, 1, 0, 0, 0, 0.99506408, -0.0992344543, 0, 0.0992344543, 0.99506408),
		CFrame.new(0, 1.49278736, -0.0846338272, 1, 0, 0, 0, 0.985570133, 0.169267699, 0, -0.169267699, 0.985570133),
		CFrame.new(1.55756378, 1.15027905, -0.071064949, 0.992430389, -0.122628585, 0.00660020718, -0.120920882, -0.985164404, -0.121774487, 0.0214353278, 0.12005464, -0.99253583),
		CFrame.new(-1.58074188, 0.0678243637, 0.0106363297, 0.9841308, 0.177343592, 0.00597821316, -0.177399352, 0.984081268, 0.0106452778, -0.00399517082, -0.0115368888, 0.999925435),
		CFrame.new(0.5, -1.01614666, -0.389966965, 1, -5.17532861e-09, -3.07455394e-10, 5.17532905e-09, 0.992966056, 0.11839772, -3.07455394e-10, -0.118397713, 0.992966175),
		CFrame.new(-0.5, -2.03417206, 0.169678688, 1, 7.20852045e-09, 5.98483041e-10, -7.20852e-09, 0.986308277, 0.164911717, 5.98482985e-10, -0.164911717, 0.986308396),
	},
	{
		0.7332189000007929,
		CFrame.new(0, 0.860949516, 0.0517501831, 1, 0, 0, 0, 0.99506408, -0.0992344543, 0, 0.0992344543, 0.99506408),
		CFrame.new(0, 1.49278641, -0.0846338272, 1, 0, 0, 0, 0.985570133, 0.169267699, 0, -0.169267699, 0.985570133),
		CFrame.new(1.55756378, 1.1477375, -0.070810318, 0.992430389, -0.122628585, 0.00660020718, -0.120920882, -0.985164404, -0.121774487, 0.0214353278, 0.12005464, -0.99253583),
		CFrame.new(-1.58074188, 0.0651874542, 0.0109043121, 0.9841308, 0.177343592, 0.00597821316, -0.177399352, 0.984081268, 0.0106452778, -0.00399517082, -0.0115368888, 0.999925435),
		CFrame.new(0.5, -1.02023125, -0.387639999, 1, -5.25787769e-09, -3.17378124e-10, 5.25787769e-09, 0.992739141, 0.120286226, -3.17378068e-10, -0.120286226, 0.99273926),
		CFrame.new(-0.5, -2.03804207, 0.173196793, 1, 7.34295469e-09, 6.21174223e-10, -7.34295424e-09, 0.985789061, 0.167987198, 6.21174223e-10, -0.167987198, 0.98578918),
	},
	{
		0.7502481999981683,
		CFrame.new(0, 0.864151955, 0.0539302826, 1, 0, 0, 0, 0.99506408, -0.0992344543, 0, 0.0992344543, 0.99506408),
		CFrame.new(0, 1.49278545, -0.0846338272, 1, 0, 0, 0, 0.985570133, 0.169267699, 0, -0.169267699, 0.985570133),
		CFrame.new(1.55756378, 1.14643002, -0.0706834793, 0.992430389, -0.122628585, 0.00660020718, -0.120920882, -0.985164404, -0.121774487, 0.0214353278, 0.12005464, -0.99253583),
		CFrame.new(-1.58074188, 0.063829422, 0.0110387802, 0.9841308, 0.177343592, 0.00597821316, -0.177399352, 0.984081268, 0.0106452778, -0.00399517082, -0.0115368888, 0.999925435),
		CFrame.new(0.5, -1.02232647, -0.386390686, 1, -5.30291056e-09, -3.22859961e-10, 5.302911e-09, 0.992613733, 0.121316455, -3.22859961e-10, -0.121316455, 0.992613852),
		CFrame.new(-0.5, -2.04003143, 0.174959183, 1, 7.41011119e-09, 6.32670805e-10, -7.41011164e-09, 0.985526025, 0.169523582, 6.32670805e-10, -0.169523567, 0.985526145),
	},
	{
		0.7672044000064489,
